135 105  82]
========================================
time:[0.003]
[[[ 135.         105.          82.1340332]]]
[135 105  82]
========================================
time:[0.003]
[[[ 135.          105.           82.15229797]]]
[135 105  82]
========================================
time:[0.006]
[[[ 135.          105.           82.21921539]]]
[135 105  82]
========================================
time:[0.007]
[[[ 135.          105.           82.21921539]]]
[135 105  82]
========================================
time:[0.005]
[[[ 135.          105.           82.15229797]]]
[135 105  82]
========================================
time:[0.021]
[[[ 135.          105.           82.15229797]]]
[135 105  82]
========================================
time:[0.007]
[[[ 135.          105.           82.21921539]]]
[135 105  82]
========================================
time:[0.027]
[[[ 135.          105.           82.20097351]]]
[135 105  82]