
[72 72 36]
========================================
time:[0.006]
[[[ 72.5         72.5         36.06244659]]]
[72 72 36]
========================================
time:[0.007]
[[[ 72.5         72.5         36.09016418]]]
[72 72 36]
========================================
time:[0.007]
[[[ 72.5         72.5         36.09016418]]]
[72 72 36]
========================================
time:[0.005]
[[[ 72.5         72.5         36.03470612]]]
[72 72 36]
========================================
time:[0.006]
[[[ 72.5         72.5         36.09016418]]]
[72 72 36]
========================================
time:[0.060]
[[[ 72.5         72.5         36.44859314]]]
[72 72 36]
========================================
time:[0.006]
[[[ 72.5        72.5        36.5308075]]]
[72 72 37]
========================================
time:[0.025]
[[[ 72.5         72.5         36.09016418]]]
[72 72 36]
========================================